1; 1; 1; 34762
1; 1; 2; 4878
1; 1; 3; 5139
1; 1; 4; 996
1; 1; 5; 5878
1; 1; 6; 24118
1; 1; 7; 33104
1; 1; 8; 18967
1; 1; 9; 27100
1; 1; 10; 880
1; 1; 11; 20412
1; 1; 12; 7720
1; 1; 13; 7646
1; 1; 14; 32168
1; 1; 15; 8033
1; 1; 16; 31441
1; 1; 17; 7979
1; 1; 18; 23037
1; 1; 19; 1335
1; 1; 20; 33926
1; 1; 21; 26706
1; 1; 22; 30365
1; 1; 23; 1211
1; 1; 24; 4618
1; 1; 25; 2516
1; 1; 26; 1269
1; 1; 27; 15168
1; 1; 28; 28517
1; 1; 29; 205
1; 1; 30; 778
1; 1; 31; 1068
1; 1; 32; 1337
1; 1; 33; 882
1; 1; 34; 1041
1; 1; 35; 26265
1; 1; 36; 688
1; 1; 37; 3141
1; 1; 38; 16326
1; 1; 39; 31136
1; 1; 40; 1280
1; 1; 41; 30089
1; 1; 42; 4358
1; 1; 43; 853
1; 1; 44; 6139
1; 1; 45; 5036
1; 1; 46; 29893
1; 1; 47; 20255
1; 1; 48; 6360
1; 1; 49; 1312
1; 1; 50; 30382
1; 1; 51; 1223
1; 1; 52; 1085
1; 1; 53; 934
1; 1; 54; 808
1; 1; 55; 850
1; 1; 56; 27137
1; 1; 57; 29626
1; 1; 58; 1069
1; 1; 59; 844
1; 1; 60; 930
1; 1; 61; 162
1; 1; 62; 835
1; 1; 63; 7505
1; 1; 64; 27692
1; 1; 65; 701
1; 1; 66; 817
1; 1; 67; 508
1; 1; 68; 642
1; 1; 69; 7070
1; 1; 70; 1731
1; 1; 71; 34306
1; 1; 72; 1013
1; 1; 73; 16093
1; 1; 74; 17665
1; 1; 75; 17379
1; 1; 76; 8269
1; 1; 77; 25341
1; 1; 78; 34486
1; 1; 79; 29087
1; 1; 80; 7374
1; 1; 81; 31323
1; 1; 82; 32109
1; 1; 83; 34424
1; 1; 84; 22483
1; 1; 85; 4487
1; 1; 86; 5970
1; 1; 87; 5793
1; 1; 88; 1278
1; 1; 89; 24295
1; 1; 90; 2939
1; 1; 91; 1273
1; 1; 92; 851
1; 1; 93; 1506
1; 1; 94; 933
1; 1; 95; 34366
1; 1; 96; 26862
1; 1; 97; 33162
1; 1; 98; 21300
1; 1; 99; 25465
1; 1; 100; 256
1; 1; 101; 29246
1; 1; 102; 8331
1; 1; 103; 1268
1; 1; 104; 0
1; 1; 105; 0
2; 1; 1; 33666
2; 1; 2; 31661
2; 1; 3; 31658
2; 1; 4; 5542
2; 1; 5; 5131
2; 1; 6; 32809
2; 1; 7; 28082
2; 1; 8; 603
2; 1; 9; 4950
2; 1; 10; 31267
2; 1; 11; 3140
2; 1; 12; 5063
2; 1; 13; 21967
2; 1; 14; 4746
2; 1; 15; 19836
2; 1; 16; 4767
2; 1; 17; 4774
2; 1; 18; 4949
2; 1; 19; 4823
2; 1; 20; 5205
2; 1; 21; 4829
2; 1; 22; 31663
2; 1; 23; 4852
2; 1; 24; 4907
2; 1; 25; 892
2; 1; 26; 5232
2; 1; 27; 33532
2; 1; 28; 6587
2; 1; 29; 4749
2; 1; 30; 7941
2; 1; 31; 16580
2; 1; 32; 20690
2; 1; 33; 20231
2; 1; 34; 15272
2; 1; 35; 19546
2; 1; 36; 8368
2; 1; 37; 30809
2; 1; 38; 1625
2; 1; 39; 8211
2; 1; 40; 7104
2; 1; 41; 3349
2; 1; 42; 8030
2; 1; 43; 1181
2; 1; 44; 4751
2; 1; 45; 4956
2; 1; 46; 4988
2; 1; 47; 5407
2; 1; 48; 5010
2; 1; 49; 29730
2; 1; 50; 1407
2; 1; 51; 4875
2; 1; 52; 3003
2; 1; 53; 30152
2; 1; 54; 2300
2; 1; 55; 17262
2; 1; 56; 30875
2; 1; 57; 25860
2; 1; 58; 1888
2; 1; 59; 1995
2; 1; 60; 5093
2; 1; 61; 4838
2; 1; 62; 15760
2; 1; 63; 5888
2; 1; 64; 26079
2; 1; 65; 7211
2; 1; 66; 6925
2; 1; 67; 6217
2; 1; 68; 4884
2; 1; 69; 2539
2; 1; 70; 32702
2; 1; 71; 6147
2; 1; 72; 5116
2; 1; 73; 19377
2; 1; 74; 1959
2; 1; 75; 7480
2; 1; 76; 34121
2; 1; 77; 5039
2; 1; 78; 17907
2; 1; 79; 4934
2; 1; 80; 122
2; 1; 81; 5201
2; 1; 82; 31679
2; 1; 83; 7740
2; 1; 84; 1745
2; 1; 85; 30969
2; 1; 86; 7308
2; 1; 87; 4804
2; 1; 88; 30370
2; 1; 89; 2306
2; 1; 90; 1764
2; 1; 91; 1805
2; 1; 92; 2757
2; 1; 93; 20010
2; 1; 94; 4796
2; 1; 95; 4748
2; 1; 96; 4958
2; 1; 97; 18
2; 1; 98; 5056
2; 1; 99; 6809
2; 1; 100; 7953
2; 1; 101; 1732
2; 1; 102; 4763
2; 1; 103; 5006
2; 1; 104; 27613
2; 1; 105; 5018
2; 1; 106; 24120
2; 1; 107; 0
2; 1; 108; 0
1; 2; 1; 7774
1; 2; 2; 361
1; 2; 3; 25188
1; 2; 4; 28899
1; 2; 5; 33236
1; 2; 6; 6498
1; 2; 7; 23596
1; 2; 8; 2500
1; 2; 9; 1726
1; 2; 10; 4579
1; 2; 11; 1212
1; 2; 12; 4825
1; 2; 13; 24043
1; 2; 14; 32774
1; 2; 15; 22184
1; 2; 16; 16908
1; 2; 17; 26836
1; 2; 18; 4782
1; 2; 19; 22704
1; 2; 20; 7492
1; 2; 21; 27965
1; 2; 22; 28516
1; 2; 23; 30026
1; 2; 24; 20215
1; 2; 25; 28784
1; 2; 26; 16575
1; 2; 27; 406
1; 2; 28; 29032
1; 2; 29; 30730
1; 2; 30; 15074
1; 2; 31; 3219
1; 2; 32; 6771
1; 2; 33; 5209
1; 2; 34; 21343
1; 2; 35; 26515
1; 2; 36; 114
1; 2; 37; 2699
1; 2; 38; 16919
1; 2; 39; 25213
1; 2; 40; 15767
1; 2; 41; 33686
1; 2; 42; 23728
1; 2; 43; 1374
1; 2; 44; 8365
1; 2; 45; 6168
1; 2; 46; 5053
1; 2; 47; 4815
1; 2; 48; 1774
1; 2; 49; 317
1; 2; 50; 33203
1; 2; 51; 32538
1; 2; 52; 27189
1; 2; 53; 908
1; 2; 54; 907
1; 2; 55; 32560
1; 2; 56; 6129
1; 2; 57; 21179
1; 2; 58; 969
1; 2; 59; 909
1; 2; 60; 887
1; 2; 61; 24306
1; 2; 62; 7355
1; 2; 63; 7371
1; 2; 64; 26248
1; 2; 65; 7372
1; 2; 66; 7365
1; 2; 67; 7359
1; 2; 68; 7357
1; 2; 69; 0
1; 2; 70; 34672
1; 2; 71; 28495
1; 2; 72; 4842
1; 2; 73; 2839
1; 2; 74; 1594
1; 2; 75; 1854
1; 2; 76; 5215
1; 2; 77; 34288
1; 2; 78; 661
1; 2; 79; 15911
1; 2; 80; 31183
1; 2; 81; 30812
1; 2; 82; 3308
1; 2; 83; 6828
1; 2; 84; 2456
1; 2; 85; 3348
1; 2; 86; 5882
1; 2; 87; 23922
1; 2; 88; 7097
1; 2; 89; 783
1; 2; 90; 7791
1; 2; 91; 1213
1; 2; 92; 34374
1; 2; 93; 31608
1; 2; 94; 557
1; 2; 95; 22825
1; 2; 96; 624
1; 2; 97; 5264
1; 2; 98; 1517
1; 2; 99; 573
1; 2; 100; 26046
1; 2; 101; 33976
1; 2; 102; 30411
1; 2; 103; 30815
1; 2; 104; 1324
1; 2; 105; 25776
1; 2; 106; 27124
1; 2; 107; 538
1; 2; 108; 34199
1; 2; 109; 7618
1; 2; 110; 30814
1; 2; 111; 526
1; 2; 112; 2862
1; 2; 113; 32876
1; 2; 114; 33206
1; 2; 115; 19375
1; 2; 116; 15674
1; 2; 117; 34650
1; 2; 118; 7730
1; 2; 119; 7315
1; 2; 120; 32735
1; 2; 121; 24180
1; 2; 122; 8202
1; 2; 123; 2191
1; 2; 124; 7437
1; 2; 125; 28061
1; 2; 126; 32127
1; 2; 127; 34593
1; 2; 128; 2212
1; 2; 129; 23795
1; 2; 130; 5303
1; 2; 131; 1720
1; 2; 132; 15631
1; 2; 133; 7040
1; 2; 134; 2259
1; 2; 135; 620
1; 2; 136; 449
1; 2; 137; 537
1; 2; 138; 7316
1; 2; 139; 34646
1; 2; 140; 23726
1; 2; 141; 7477
1; 2; 142; 8201
1; 2; 143; 562
1; 2; 144; 767
1; 2; 145; 32562
1; 2; 146; 25248
1; 2; 147; 552
1; 2; 148; 7072
1; 2; 149; 8290
1; 2; 150; 572
1; 2; 151; 571
1; 2; 152; 23391
1; 2; 153; 4337
1; 2; 154; 30657
1; 2; 155; 7430
1; 2; 156; 3295
1; 2; 157; 8584
1; 2; 158; 1043
1; 2; 159; 8188
1; 2; 160; 960
1; 2; 161; 7424
1; 2; 162; 0
2; 2; 1; 29175
2; 2; 2; 29647
2; 2; 3; 7610
2; 2; 4; 26243
2; 2; 5; 18835
2; 2; 6; 14930
2; 2; 7; 26414
2; 2; 8; 27465
2; 2; 9; 30157
2; 2; 10; 34544
2; 2; 11; 1518
2; 2; 12; 4319
2; 2; 13; 4779
2; 2; 14; 1246
2; 2; 15; 1247
2; 2; 16; 1084
2; 2; 17; 5792
2; 2; 18; 16673
2; 2; 19; 24705
2; 2; 20; 32096
2; 2; 21; 859
2; 2; 22; 31801
2; 2; 23; 1241
2; 2; 24; 766
2; 2; 25; 6863
2; 2; 26; 2593
2; 2; 27; 6169
2; 2; 28; 31588
2; 2; 29; 30149
2; 2; 30; 28007
2; 2; 31; 18009
2; 2; 32; 29839
2; 2; 33; 18006
2; 2; 34; 1255
2; 2; 35; 31156
2; 2; 36; 23702
2; 2; 37; 574
2; 2; 38; 550
2; 2; 39; 33947
2; 2; 40; 2188
2; 2; 41; 0
2; 2; 42; 0
1; 3; 1; 33666
1; 3; 2; 24021
1; 3; 3; 7617
1; 3; 4; 6340
1; 3; 5; 23810
1; 3; 6; 4974
1; 3; 7; 5204
1; 3; 8; 6316
1; 3; 9; 4985
1; 3; 10; 5856
1; 3; 11; 4773
1; 3; 12; 5141
1; 3; 13; 28315
1; 3; 14; 5114
1; 3; 15; 2832
1; 3; 16; 8319
1; 3; 17; 33024
1; 3; 18; 29266
1; 3; 19; 5052
1; 3; 20; 5127
1; 3; 21; 4783
1; 3; 22; 1739
1; 3; 23; 2697
1; 3; 24; 5861
1; 3; 25; 1826
1; 3; 26; 4755
1; 3; 27; 8327
1; 3; 28; 338
1; 3; 29; 6272
1; 3; 30; 30238
1; 3; 31; 4816
1; 3; 32; 5564
1; 3; 33; 31913
1; 3; 34; 6144
1; 3; 35; 1876
1; 3; 36; 5082
1; 3; 37; 5142
1; 3; 38; 1875
1; 3; 39; 16607
1; 3; 40; 4895
1; 3; 41; 34841
1; 3; 42; 5011
1; 3; 43; 24125
1; 3; 44; 5178
1; 3; 45; 6136
1; 3; 46; 16697
1; 3; 47; 26064
1; 3; 48; 4970
1; 3; 49; 5012
1; 3; 50; 5159
1; 3; 51; 1771
1; 3; 52; 5166
1; 3; 53; 5787
1; 3; 54; 5636
1; 3; 55; 5048
1; 3; 56; 6395
1; 3; 57; 5105
1; 3; 58; 29035
1; 3; 59; 30528
1; 3; 60; 4772
1; 3; 61; 5832
1; 3; 62; 8412
1; 3; 63; 29250
1; 3; 64; 4991
1; 3; 65; 6359
1; 3; 66; 19155
1; 3; 67; 5061
1; 3; 68; 5109
1; 3; 69; 5140
1; 3; 70; 4857
1; 3; 71; 5190
1; 3; 72; 820
1; 3; 73; 6010
1; 3; 74; 5804
1; 3; 75; 4981
1; 3; 76; 5038
1; 3; 77; 3018
1; 3; 78; 4801
1; 3; 79; 1601
1; 3; 80; 15487
1; 3; 81; 4955
1; 3; 82; 4824
1; 3; 83; 4957
1; 3; 84; 28125
1; 3; 85; 5144
1; 3; 86; 5058
1; 3; 87; 5571
1; 3; 88; 4608
1; 3; 89; 5152
1; 3; 90; 5107
1; 3; 91; 5170
1; 3; 92; 19087
1; 3; 93; 5128
1; 3; 94; 5929
1; 3; 95; 4992
1; 3; 96; 23070
1; 3; 97; 4911
1; 3; 98; 32102
1; 3; 99; 30229
1; 3; 100; 5788
1; 3; 101; 30968
1; 3; 102; 32778
1; 3; 103; 20793
1; 3; 104; 4904
1; 3; 105; 21276
1; 3; 106; 21807
1; 3; 107; 33425
1; 3; 108; 20621
1; 3; 109; 5221
1; 3; 110; 31023
1; 3; 111; 0
1; 3; 112; 0
2; 3; 1; 0
2; 3; 2; 358
2; 3; 3; 2688
2; 3; 4; 31658
2; 3; 5; 31663
2; 3; 6; 32823
2; 3; 7; 31661
2; 3; 8; 4851
2; 3; 9; 4800
2; 3; 10; 4858
2; 3; 11; 972
2; 3; 12; 7753
2; 3; 13; 16132
2; 3; 14; 1040
2; 3; 15; 25745
2; 3; 16; 31151
2; 3; 17; 1602
2; 3; 18; 8363
2; 3; 19; 1065
2; 3; 20; 881
2; 3; 21; 839
2; 3; 22; 34669
2; 3; 23; 7980
2; 3; 24; 16759
2; 3; 25; 30824
2; 3; 26; 1064
2; 3; 27; 1015
2; 3; 28; 7747
2; 3; 29; 30164
2; 3; 30; 1303
2; 3; 31; 747
2; 3; 32; 811
2; 3; 33; 23955
2; 3; 34; 935
2; 3; 35; 7083
2; 3; 36; 3333
2; 3; 37; 7133
2; 3; 38; 33904
2; 3; 39; 24047
2; 3; 40; 4088
2; 3; 41; 23990
2; 3; 42; 23880
2; 3; 43; 5473
2; 3; 44; 24389
2; 3; 45; 1378
2; 3; 46; 34612
2; 3; 47; 15180
2; 3; 48; 31152
2; 3; 49; 1669
2; 3; 50; 7709
2; 3; 51; 7694
2; 3; 52; 8272
2; 3; 53; 32694
2; 3; 54; 20328
2; 3; 55; 1522
2; 3; 56; 7009
2; 3; 57; 812
2; 3; 58; 33996
2; 3; 59; 956
2; 3; 60; 23890
2; 3; 61; 8233
2; 3; 62; 27365
2; 3; 63; 8131
2; 3; 64; 32895
2; 3; 65; 1012
2; 3; 66; 30165
2; 3; 67; 1221
2; 3; 68; 18837
2; 3; 69; 7137
2; 3; 70; 697
2; 3; 71; 31961
2; 3; 72; 15265
2; 3; 73; 3357
2; 3; 74; 24358
2; 3; 75; 1066
2; 3; 76; 32973
2; 3; 77; 891
2; 3; 78; 1334
2; 3; 79; 3134
2; 3; 80; 34050
2; 3; 81; 1254
2; 3; 82; 17541
2; 3; 83; 5679
2; 3; 84; 24461
2; 3; 85; 1256
2; 3; 86; 20963
2; 3; 87; 31900
2; 3; 88; 31904
2; 3; 89; 24294
2; 3; 90; 22147
2; 3; 91; 23852
2; 3; 92; 751
2; 3; 93; 1083
2; 3; 94; 20419
2; 3; 95; 2714
2; 3; 96; 0
1; 4; 1; 21839
1; 4; 2; 6813
1; 4; 3; 1139
1; 4; 4; 24163
1; 4; 5; 843
1; 4; 6; 4334
1; 4; 7; 1640
1; 4; 8; 945
1; 4; 9; 810
1; 4; 10; 3329
1; 4; 11; 3238
1; 4; 12; 809
1; 4; 13; 1566
1; 4; 14; 21064
1; 4; 15; 941
1; 4; 16; 18715
1; 4; 17; 4721
1; 4; 18; 31051
1; 4; 19; 32952
1; 4; 20; 28043
1; 4; 21; 28987
1; 4; 22; 2340
1; 4; 23; 943
1; 4; 24; 4340
1; 4; 25; 32949
1; 4; 26; 33839
1; 4; 27; 946
1; 4; 28; 942
1; 4; 29; 29911
1; 4; 30; 31905
1; 4; 31; 5298
1; 4; 32; 962
1; 4; 33; 9016
1; 4; 34; 17439
1; 4; 35; 30758
1; 4; 36; 31047
1; 4; 37; 33740
1; 4; 38; 29973
1; 4; 39; 696
1; 4; 40; 644
1; 4; 41; 25743
1; 4; 42; 1005
1; 4; 43; 7205
1; 4; 44; 24119
1; 4; 45; 8369
1; 4; 46; 31189
1; 4; 47; 30190
1; 4; 48; 34197
1; 4; 49; 30352
1; 4; 50; 30186
1; 4; 51; 30218
1; 4; 52; 34825
1; 4; 53; 33003
1; 4; 54; 23988
1; 4; 55; 944
1; 4; 56; 952
1; 4; 57; 951
1; 4; 58; 940
1; 4; 59; 7706
1; 4; 60; 34331
1; 4; 61; 6094
1; 4; 62; 3115
1; 4; 63; 1526
1; 4; 64; 5185
1; 4; 65; 8409
1; 4; 66; 24164
1; 4; 67; 950
1; 4; 68; 19770
1; 4; 69; 30199
1; 4; 70; 964
1; 4; 71; 23982
1; 4; 72; 34389
1; 4; 73; 5576
1; 4; 74; 4953
1; 4; 75; 33953
1; 4; 76; 32746
1; 4; 77; 8669
1; 4; 78; 24257
1; 4; 79; 1200
1; 4; 80; 5908
1; 4; 81; 15093
1; 4; 82; 993
1; 4; 83; 2524
1; 4; 84; 981
1; 4; 85; 597
1; 4; 86; 32950
1; 4; 87; 26763
1; 4; 88; 846
1; 4; 89; 25505
1; 4; 90; 25586
1; 4; 91; 948
1; 4; 92; 984
1; 4; 93; 24590
1; 4; 94; 949
1; 4; 95; 5762
1; 4; 96; 23862
1; 4; 97; 4881
1; 4; 98; 32985
1; 4; 99; 658
1; 4; 100; 1008
1; 4; 101; 927
1; 4; 102; 7472
1; 4; 103; 5036
1; 4; 104; 6654
1; 4; 105; 18887
1; 4; 106; 6260
1; 4; 107; 20533
1; 4; 108; 789
1; 4; 109; 883
1; 4; 110; 8971
1; 4; 111; 32109
1; 4; 112; 7646
1; 4; 113; 5791
1; 4; 114; 2728
1; 4; 115; 205
1; 4; 116; 1268
1; 4; 117; 0
1; 4; 118; 0
2; 4; 1; 363
2; 4; 2; 3223
2; 4; 3; 32889
2; 4; 4; 28825
2; 4; 5; 4910
2; 4; 6; 26241
2; 4; 7; 34458
2; 4; 8; 2627
2; 4; 9; 6587
2; 4; 10; 2091
2; 4; 11; 8361
2; 4; 12; 7161
2; 4; 13; 33849
2; 4; 14; 22296
2; 4; 15; 4775
2; 4; 16; 32568
2; 4; 17; 4831
2; 4; 18; 5111
2; 4; 19; 325
2; 4; 20; 6289
2; 4; 21; 8413
2; 4; 22; 5126
2; 4; 23; 24078
2; 4; 24; 34878
2; 4; 25; 4977
2; 4; 26; 6887
2; 4; 27; 1663
2; 4; 28; 5189
2; 4; 29; 1728
2; 4; 30; 1824
2; 4; 31; 5049
2; 4; 32; 4896
2; 4; 33; 4797
2; 4; 34; 2621
2; 4; 35; 32606
2; 4; 36; 6249
2; 4; 37; 26054
2; 4; 38; 7300
2; 4; 39; 32601
2; 4; 40; 1895
2; 4; 41; 7740
2; 4; 42; 1755
2; 4; 43; 5555
2; 4; 44; 1727
2; 4; 45; 6888
2; 4; 46; 1734
2; 4; 47; 15142
2; 4; 48; 2306
2; 4; 49; 2707
2; 4; 50; 2698
2; 4; 51; 1760
2; 4; 52; 29895
2; 4; 53; 2314
2; 4; 54; 3046
2; 4; 55; 21701
2; 4; 56; 25195
2; 4; 57; 30710
2; 4; 58; 576
2; 4; 59; 0
2; 4; 60; 34762
2; 4; 61; 4631
2; 4; 62; 795
2; 4; 63; 27327
2; 4; 64; 8418
2; 4; 65; 4845
2; 4; 66; 1585
2; 4; 67; 18872
2; 4; 68; 2100
2; 4; 69; 4235
2; 4; 70; 7309
2; 4; 71; 1903
2; 4; 72; 2680
2; 4; 73; 20512
2; 4; 74; 6315
2; 4; 75; 2184
2; 4; 76; 4935
2; 4; 77; 3292
2; 4; 78; 2682
2; 4; 79; 2949
2; 4; 80; 4987
2; 4; 81; 6286
2; 4; 82; 4750
2; 4; 83; 5729
2; 4; 84; 2353
2; 4; 85; 19987
2; 4; 86; 5224
2; 4; 87; 34910
2; 4; 88; 26079
2; 4; 89; 5092
2; 4; 90; 5362
2; 4; 91; 6865
2; 4; 92; 22342
2; 4; 93; 1772
2; 4; 94; 17095
2; 4; 95; 15426
2; 4; 96; 5219
2; 4; 97; 31461
2; 4; 98; 29921
2; 4; 99; 3205
2; 4; 100; 5202
2; 4; 101; 17201
2; 4; 102; 4994
2; 4; 103; 8410
2; 4; 104; 34739
2; 4; 105; 28819
2; 4; 106; 24120
2; 4; 107; 31898
2; 4; 108; 5009
2; 4; 109; 5017
2; 4; 110; 24162
2; 4; 111; 5055
2; 4; 112; 4740
2; 4; 113; 31279
2; 4; 114; 33211
2; 4; 115; 34219
2; 4; 116; 4752
2; 4; 117; 32559
2; 4; 118; 7541
2; 4; 119; 6603
2; 4; 120; 4766
2; 4; 121; 5146
2; 4; 122; 8414
2; 4; 123; 5550
2; 4; 124; 1751
2; 4; 125; 25100
2; 4; 126; 898
2; 4; 127; 5050
2; 4; 128; 4903
2; 4; 129; 31548
2; 4; 130; 32285
2; 4; 131; 15825
2; 4; 132; 5351
2; 4; 133; 19697
2; 4; 134; 25678
2; 4; 135; 4969
2; 4; 136; 4978
2; 4; 137; 4763
2; 4; 138; 4780
2; 4; 139; 15940
2; 4; 140; 5339
2; 4; 141; 4798
2; 4; 142; 34679
2; 4; 143; 6224
2; 4; 144; 5004
2; 4; 145; 22171
2; 4; 146; 7953
2; 4; 147; 5005
2; 4; 148; 5015
2; 4; 149; 895
2; 4; 150; 4753
2; 4; 151; 4350
2; 4; 152; 15458
2; 4; 153; 4879
2; 4; 154; 29509
2; 4; 155; 2316
2; 4; 156; 18
2; 4; 157; 4844
2; 4; 158; 17969
2; 4; 159; 1758
2; 4; 160; 5097
2; 4; 161; 8244
2; 4; 162; 2334
2; 4; 163; 5175
2; 4; 164; 5176
2; 4; 165; 4945
2; 4; 166; 5239
2; 4; 167; 5983
2; 4; 168; 28289
2; 4; 169; 8141
2; 4; 170; 25969
2; 4; 171; 7308
2; 4; 172; 0
1; 5; 1; 4986
1; 5; 2; 875
1; 5; 3; 30872
1; 5; 4; 2188
1; 5; 5; 30375
1; 5; 6; 5682
1; 5; 7; 2740
1; 5; 8; 6248
1; 5; 9; 622
1; 5; 10; 7237
1; 5; 11; 25262
1; 5; 12; 4354
1; 5; 13; 23726
1; 5; 14; 1017
1; 5; 15; 1067
1; 5; 16; 7011
1; 5; 17; 31188
1; 5; 18; 1155
1; 5; 19; 7314
1; 5; 20; 1934
1; 5; 21; 25920
1; 5; 22; 2191
1; 5; 23; 31469
1; 5; 24; 24528
1; 5; 25; 32946
1; 5; 26; 8607
1; 5; 27; 19473
1; 5; 28; 730
1; 5; 29; 7370
1; 5; 30; 16960
1; 5; 31; 7373
1; 5; 32; 24306
1; 5; 33; 7357
1; 5; 34; 7359
1; 5; 35; 7355
1; 5; 36; 0
1; 5; 37; 32813
1; 5; 38; 4926
1; 5; 39; 34582
1; 5; 40; 4814
1; 5; 41; 5037
1; 5; 42; 19000
1; 5; 43; 1188
1; 5; 44; 4234
1; 5; 45; 27700
1; 5; 46; 24882
1; 5; 47; 733
1; 5; 48; 33827
1; 5; 49; 8497
1; 5; 50; 1332
1; 5; 51; 31156
1; 5; 52; 33985
1; 5; 53; 32864
1; 5; 54; 1264
1; 5; 55; 24046
1; 5; 56; 24044
1; 5; 57; 785
1; 5; 58; 1255
1; 5; 59; 1267
1; 5; 60; 1924
1; 5; 61; 24449
1; 5; 62; 203
1; 5; 63; 204
1; 5; 64; 21297
1; 5; 65; 22771
1; 5; 66; 30383
1; 5; 67; 29839
1; 5; 68; 2094
1; 5; 69; 1957
1; 5; 70; 25082
1; 5; 71; 4367
1; 5; 72; 30242
1; 5; 73; 33954
1; 5; 74; 29204
1; 5; 75; 6912
1; 5; 76; 24322
1; 5; 77; 20457
1; 5; 78; 20453
1; 5; 79; 34504
1; 5; 80; 1603
1; 5; 81; 3045
1; 5; 82; 1590
1; 5; 83; 26401
1; 5; 84; 26190
1; 5; 85; 29885
1; 5; 86; 30825
1; 5; 87; 1272
1; 5; 88; 804
1; 5; 89; 26070
1; 5; 90; 997
1; 5; 91; 1174
1; 5; 92; 33840
1; 5; 93; 33781
1; 5; 94; 25584
1; 5; 95; 2652
1; 5; 96; 1063
1; 5; 97; 1007
1; 5; 98; 141
1; 5; 99; 1000
1; 5; 100; 5229
1; 5; 101; 8234
1; 5; 102; 23110
1; 5; 103; 584
1; 5; 104; 6955
1; 5; 105; 26046
1; 5; 106; 768
1; 5; 107; 7714
1; 5; 108; 6478
1; 5; 109; 23155
1; 5; 110; 15674
1; 5; 111; 1583
1; 5; 112; 32300
1; 5; 113; 34646
1; 5; 114; 34650
1; 5; 115; 0
2; 5; 1; 5226
2; 5; 2; 4201
2; 5; 3; 34814
2; 5; 4; 936
2; 5; 5; 22751
2; 5; 6; 29342
2; 5; 7; 2241
2; 5; 8; 3330
2; 5; 9; 33002
2; 5; 10; 1638
2; 5; 11; 2483
2; 5; 12; 29975
2; 5; 13; 868
2; 5; 14; 22253
2; 5; 15; 1336
2; 5; 16; 23106
2; 5; 17; 1247
2; 5; 18; 15945
2; 5; 19; 1246
2; 5; 20; 28007
2; 5; 21; 836
2; 5; 22; 8333
2; 5; 23; 33070
2; 5; 24; 32711
2; 5; 25; 6895
2; 5; 26; 143
2; 5; 27; 1228
2; 5; 28; 23160
2; 5; 29; 16661
2; 5; 30; 18720
2; 5; 31; 5297
2; 5; 32; 27958
2; 5; 33; 15958
2; 5; 34; 24330
2; 5; 35; 7184
2; 5; 36; 26317
2; 5; 37; 17714
2; 5; 38; 30863
2; 5; 39; 5773
2; 5; 40; 32261
2; 5; 41; 24229
2; 5; 42; 19441
2; 5; 43; 34343
2; 5; 44; 18963
2; 5; 45; 6321
2; 5; 46; 23590
2; 5; 47; 6270
2; 5; 48; 25543
2; 5; 49; 3209
2; 5; 50; 17733
2; 5; 51; 1605
2; 5; 52; 32370
2; 5; 53; 8435
2; 5; 54; 33513
2; 5; 55; 15031
2; 5; 56; 28985
2; 5; 57; 2840
2; 5; 58; 19186
2; 5; 59; 9490
2; 5; 60; 32776
2; 5; 61; 8444
2; 5; 62; 7226
2; 5; 63; 28367
2; 5; 64; 651
2; 5; 65; 5927
2; 5; 66; 6378
2; 5; 67; 30075
2; 5; 68; 6274
2; 5; 69; 19168
2; 5; 70; 25704
2; 5; 71; 5296
2; 5; 72; 2511
2; 5; 73; 26558
2; 5; 74; 24042
2; 5; 75; 27158
2; 5; 76; 29399
2; 5; 77; 121
2; 5; 78; 34611
2; 5; 79; 6428
2; 5; 80; 2346
2; 5; 81; 8983
2; 5; 82; 6322
2; 5; 83; 31833
2; 5; 84; 24822
2; 5; 85; 31517
2; 5; 86; 16062
2; 5; 87; 5794
2; 5; 88; 27561
2; 5; 89; 30440
2; 5; 90; 20844
2; 5; 91; 6181
2; 5; 92; 33951
2; 5; 93; 4359
2; 5; 94; 3197
2; 5; 95; 23086
2; 5; 96; 395
2; 5; 97; 4576
2; 5; 98; 29892
2; 5; 99; 33071
2; 5; 100; 17957
2; 5; 101; 0
2; 5; 102; 31020
2; 5; 103; 21335
2; 5; 104; 33236
2; 5; 105; 4734
2; 5; 106; 33346
2; 5; 107; 7772
2; 5; 108; 2836
2; 5; 109; 23728
2; 5; 110; 33666
2; 5; 111; 6503
2; 5; 112; 31661
2; 5; 113; 31663
2; 5; 114; 31658
2; 5; 115; 0
